15991.2 5249.55,30
15443.95 4565.99,120
14209.61 5116.32,120
13149.68 5660.71,180
12167.34 5643.31,120
11346.05 5587.73,60
10512.43 5333.99,120
10001.12 5834.68,60
9485.42 6293.36,120
8985.03 6786.83,120
8429.47 7139.01,60
7980.76 7786.08,120
7238.03 8122.56,60
5061.72 7890.04,240
4032.42 7595.99,60
3851.76 6508.06,120
3614.34 5348.84,180
0.0 2817.83,30
1154.27 2144.88,120
2171.58 1992.97,60
2840.79 1898.35,120
3718.24 2508.08,120
4392.79 2600.16,60
5648.26 2982.89,120
6933.51 3381.31,120
8421.63 3800.11,180
8049.94 4801.05,60
9008.42 5256.34,120
9225.12 5878.8,120
9483.25 6246.26,60
10008.86 6840.72,120
10509.28 7005.77,60
11490.8 7253.57,120
12349.72 7748.75,60
13146.03 8531.6,120
14373.35 8762.85,120
15067.04 9221.96,120
16142.65 9216.87,120
17588.08 8792.55,120
19292.79 8842.62,120
20361.46 9050.11,120
16824.85 373.39,30
15531.43 40.31,120
14263.36 496.86,120
13247.12 1151.57,120
11973.67 1618.31,60
11231.12 1927.21,120
10594.77 2669.32,120
10122.69 3309.18,60
9954.46 4020.32,120
9937.26 5265.67,120
10021.07 5900.87,120
10231.06 6278.93,60
10587.01 7006.62,120
10526.9 8139.96,120
10614.48 9118.85,60
11697.7 10780.04,180
12778.46 11026.14,120
14195.08 10941.7,180
14880.21 10122.35,60
16088.1 10995.17,180
