0.0 7050.3,120
10006.55 6120.21,30
10018.47 10804.6,120
10063.16 10766.84,120
10068.63 13153.6,180
10093.49 9919.49,120
10151.88 11801.74,120
10199.42 6942.95,120
10210.0 7943.47,120
10213.15 11796.22,120
10216.51 7075.33,120
10244.96 6906.88,120
10254.02 6026.86,60
10265.08 8344.87,60
10321.72 6759.64,60
10352.2 8337.23,60
10446.55 10707.43,120
10458.57 10703.62,60
10459.39 8154.35,120
10459.39 8154.35,60
10479.6 9233.8,120
10533.07 10082.85,60
10536.34 9220.65,120
10583.16 6635.32,120
10583.16 6635.32,60
10654.34 11762.7,60
10659.55 7776.72,60
10763.98 7114.37,60
10770.48 11745.73,60
10800.19 8350.81,120
10816.09 8356.32,120
10834.04 8157.32,60
10861.63 11307.84,60
10861.91 11438.53,120
10867.62 11181.39,120
10870.17 10998.94,120
10870.17 10998.94,60
10892.77 6200.83,60
10953.87 7745.32,60
10961.76 13347.51,120
11014.6 10248.75,60
11060.2 11261.59,120
11096.3 9118.81,120
11117.35 14547.05,30
11126.1 14438.42,30
11136.82 9098.44,60
11142.55 11260.74,120
11173.47 5896.17,120
11192.26 7460.18,120
11192.26 7460.18,60
11204.38 8162.84,60
11261.57 14090.91,60
11279.14 13393.76,60
11290.91 13599.56,60
11331.96 7165.71,120
11336.93 10359.92,60
11377.95 13782.43,30
11377.95 13782.43,60
11390.3 8405.54,60
11409.35 8945.27,60
11419.53 8943.57,60
11431.46 8405.54,120
11463.34 7320.58,30
11485.55 13756.55,60
11524.73 7350.28,60
11560.29 8177.69,120
11632.71 13074.68,60
11693.45 7284.09,120
11695.03 8435.25,60
11750.78 7298.09,120
11765.07 8437.37,120
11765.07 8437.37,180
11798.33 13804.07,60
11899.99 10628.51,120
11899.99 10628.51,180
11906.48 13014.85,60
11914.7 9048.38,60
11933.28 11276.01,120
11967.39 6061.65,60
11992.84 11273.89,120
12049.6 8461.13,60
12086.01 8419.55,60
12115.47 8462.4,60
12165.46 12680.07,60
12215.62 9625.44,120
12242.35 9129.42,120
12247.54 9845.66,60
12255.77 6100.69,60
12295.88 13835.9,60
12314.92 7493.28,60
12334.89 9226.16,60
12364.65 8485.31,120
12364.65 8485.31,180
12396.87 7514.92,120
12414.06 8933.39,120
12417.76 8485.74,60
12426.49 8868.89,120
12429.41 11285.35,180
12429.41 11285.35,30
12429.41 11285.35,60
12455.57 11828.05,120
12455.57 11828.05,60
12495.84 11526.78,60
1254.17 6853.42,60
12542.39 11170.36,120
12542.39 11170.36,180
12542.39 11170.36,60
12550.12 12497.19,60
12604.66 8486.16,60
12633.28 10330.22,180
12646.14 10346.35,180
12658.65 5633.95,120
12664.76 8474.28,120
12664.76 8474.28,60
12677.66 12243.45,60
12692.14 9967.01,60
12724.89 11376.58,120
12724.89 11376.58,180
12724.89 11376.58,30
12795.84 7640.51,60
12810.9 14002.65,60
12868.74 7650.27,120
12996.76 14545.35,30
13043.42 8416.58,60
13066.41 14197.84,60
13106.26 8404.27,60
13131.66 10038.29,60
13175.05 5388.28,120
13175.05 5388.28,180
13216.28 11421.98,60
13220.31 11363.0,60
13358.04 8368.63,60
13420.87 8355.9,60
13429.99 7715.19,60
13519.02 10063.75,60
13564.89 8337.23,60
13576.7 11293.41,60
13622.54 11645.17,60
13625.41 8324.08,60
13645.25 7610.81,60
13703.66 8210.36,60
13778.45 8300.74,60
13815.73 7899.77,120
13946.3 7363.86,60
13947.08 10022.17,60
13961.87 11229.76,120
14066.82 8320.26,60
14078.5 11891.69,60
14176.25 7212.38,120
14357.53 9982.29,30
14369.68 12036.38,60
14523.25 8366.51,60
14574.65 11122.84,120
14591.14 7053.69,60
14748.52 6955.68,60
14826.59 6529.24,60
14855.4 8400.03,60
15044.36 11162.3,60
15160.38 8459.01,120
15248.53 8427.61,60
15370.9 6130.39,60
15407.17 11220.43,60
15756.85 8394.51,60
15772.5 11277.71,30
15828.12 5761.24,60
16171.28 5661.11,60
16172.19 11318.02,60
16251.19 8358.45,60
16573.84 5638.62,60
16585.4 11376.15,30
16647.01 8242.61,60
16739.32 11463.98,60
16754.82 8040.21,60
17081.37 5702.69,30
17084.39 5698.87,30
1809.34 8206.12,120
1809.48 8201.45,180
1928.19 10121.46,120
1973.58 10089.21,30
1979.12 7102.49,60
2322.63 10116.79,60
2391.62 10132.07,120
2545.64 8261.28,60
2691.87 7302.34,60
2760.08 10222.02,30
2760.08 10222.02,60
2799.79 10236.02,60
295.79 7088.06,60
2985.31 9418.8,120
2985.31 9418.8,60
2996.78 8437.79,60
3037.35 7321.43,120
3326.34 9574.95,60
3438.13 10414.66,60
3482.21 8637.22,60
3484.42 7344.77,60
3603.31 10457.52,60
3762.19 9745.1,60
3878.73 10538.56,60
3912.88 8815.0,60
3924.71 10547.89,120
3924.71 10547.89,60
3973.26 7388.05,60
4317.63 9020.8,60
4370.88 10672.22,60
4380.63 10677.73,60
4417.72 9978.04,120
4581.3 7511.52,60
4582.22 7548.86,30
4634.15 9073.83,60
4638.72 7510.67,60
4673.11 10729.92,60
4740.93 10734.17,60
5103.03 10044.23,60
5119.93 10780.42,60
5171.03 10790.6,60
5205.22 7563.29,60
5212.31 7568.38,120
5287.46 9112.45,60
5509.5 9168.46,60
5511.54 10832.18,60
5556.84 10842.79,60
5792.02 10103.21,60
5804.88 7620.57,60
5865.3 7628.21,60
5984.97 9284.29,120
5984.97 9284.29,180
6123.82 10099.82,120
6276.56 10905.16,60
6280.25 9790.92,60
6333.8 10906.44,120
6390.68 7733.44,120
6394.29 7737.68,60
6444.6 9552.88,60
6512.4 6335.33,120
6513.25 10177.47,120
6513.25 10177.47,60
6616.66 10932.32,120
6659.58 10112.12,120
6683.8 10934.87,120
6683.8 10934.87,60
6758.1 7805.57,120
6785.72 6375.64,60
6816.88 7808.54,60
6857.03 10305.61,120
6862.98 12201.44,120
6862.98 12201.44,60
6899.37 11758.46,120
6931.81 11360.03,120
6969.88 10838.97,60
6970.36 10889.46,180
7120.97 6569.98,60
7189.63 10154.13,60
7373.9 6628.11,60
7434.66 1224.97,120
7436.84 1275.89,60
7491.73 7770.78,120
7491.73 7770.78,180
751.79 6948.89,120
7522.98 781.15,60
7526.67 730.23,60
7540.78 275.37,120
7550.02 220.64,60
7558.19 2279.37,60
7559.38 7775.44,180
7567.68 2336.65,60
7569.47 10579.72,120
7569.47 10579.72,60
7579.25 8205.69,120
7579.25 8205.69,60
7590.52 8248.97,60
7590.86 8446.7,60
7590.98 8506.11,60
7594.77 9297.45,60
7596.22 7746.59,120
7604.36 9558.82,120
7607.01 9137.06,60
7610.05 9588.52,120
7612.73 8855.74,120
7619.68 10254.69,240
7621.93 7667.67,120
7621.93 7667.67,180
7625.13 8727.17,60
7629.45 7379.14,120
7635.23 10594.57,180
7636.86 6777.47,120
7647.13 2976.93,120
7663.73 8803.55,120
7680.35 3018.52,120
7724.92 3007.06,30
7761.09 7374.47,60
7777.0 7326.95,120
7814.99 7822.12,120
7814.99 7822.12,180
7836.65 3567.99,60
7867.4 3517.08,60
7871.24 7828.48,60
7923.29 10388.35,120
7926.96 6851.72,60
7929.51 6833.47,60
7933.76 10370.53,180
7954.42 6710.42,120
7954.42 6710.42,60
7959.09 6595.86,30
7966.82 4202.76,120
7987.3 4256.22,60
8004.02 18.25,60
8004.09 9885.97,120
8004.09 9885.97,180
8017.01 9823.59,180
8057.96 17.82,60
8233.97 8935.93,120
8233.97 8935.93,60
8263.61 9186.7,60
8283.62 8651.64,180
8295.97 8829.43,60
8300.58 5019.55,120
8300.58 5019.55,60
8302.36 7834.0,60
8305.28 8245.58,120
8306.59 8277.83,60
8306.97 7769.5,120
8306.97 7769.5,60
8324.61 5078.11,120
8332.54 7919.28,120
8332.54 7919.28,60
8365.67 7341.8,120
8368.73 7304.88,60
8387.43 7920.56,60
8390.76 9581.74,120
8402.39 9611.44,120
8445.18 10776.17,60
8496.62 10226.69,120
8564.09 10240.27,120
8570.72 9973.8,60
8593.41 5835.07,60
8594.17 5826.59,120
8616.78 8451.79,120
8617.62 10812.66,120
8637.43 8008.39,120
8637.43 8008.39,60
8652.17 7675.31,120
8652.17 7675.31,60
8653.6 281.74,60
8658.72 8144.59,120
8674.82 8274.01,120
8680.39 6442.26,120
8685.31 6272.96,240
8687.05 8854.89,120
8687.05 8854.89,180
8693.23 7616.33,60
8694.02 8392.81,60
8704.36 305.08,60
8710.16 8206.97,60
8735.68 10845.34,60
8747.03 8577.81,60
8767.11 7405.87,120
8767.11 7405.87,60
8818.37 8570.6,60
8833.45 7253.54,60
8904.34 8185.75,120
8904.34 8185.75,180
8924.77 8627.03,60
8945.69 10892.01,60
8961.49 8181.51,120
8962.71 389.94,60
8967.83 8673.71,60
9006.62 10893.28,120
9008.01 404.79,60
9041.49 7015.93,60
9104.47 7002.77,60
9114.74 8870.16,120
9138.99 8899.44,120
9264.5 9972.1,120
9264.5 9972.1,60
9287.66 9838.02,60
9334.81 10856.79,120
9334.81 10856.79,60
9382.94 10841.94,60
9385.31 7006.59,120
9389.09 480.74,60
9391.85 9618.65,120
9431.12 450.61,60
9442.16 9652.17,180
9447.65 7004.47,120
9456.13 9236.35,120
9456.13 9236.35,60
9486.69 8170.48,120
9493.76 9262.65,60
9515.97 11354.09,30
9540.38 10484.67,120
9560.84 8161.99,180
9574.12 11382.52,120
9574.85 8270.19,120
9584.35 8224.36,120
9610.69 8533.26,60
9619.21 8544.29,120
9620.38 9523.6,120
9620.38 9523.6,60
9622.34 9571.55,120
9632.92 11161.87,60
9634.75 11434.28,60
9634.79 7398.23,120
9643.78 10774.48,60
9644.12 10777.87,60
9644.67 348.35,30
9660.54 12715.71,60
9669.78 10810.97,60
9671.83 10735.44,180
9677.55 7876.0,120
9685.72 336.47,60
9705.75 10766.41,60
9801.98 9345.82,120
9801.98 9345.82,180
9831.17 9798.56,60
9842.05 8488.71,120
9853.61 7362.16,60
9854.86 9313.99,120
9856.04 5930.12,120
9872.16 8111.92,120
9872.16 8111.92,180
9898.92 6973.92,60
9899.84 339.87,30
9905.04 9967.86,60
9913.55 9981.44,120
9936.32 10359.07,60
9940.42 10392.6,60
9944.82 8431.0,120
9962.17 6960.34,60
9971.97 10785.93,60
9974.95 11966.37,120
9977.27 6626.41,120
